Manager
Sarah
704,561
17.607849340818554
484,410
326,873
325,451
Manager
Emily
633,093
3.9060684519164335
12,132
171,727
307,211
Cashier
David
695,532
30.640476756661176
74,815
49
Manager
Alice
561,844
4.037327784181817
199,296
771,368
62,970
Manager
Bob
28,931
39.35447385511111
41,534
898,789
996,750
Manager
David
743,378
37.21337472903129
493,275
744,319
279,666
Cashier
Alice
4,707
1.7983394703508582
476,774
87
Manager
Bob
663,497
15.473476205344516
16,081
268,957
610,892
Manager
John
798,730
35.627112292609546
221,937
373,748
520,548
Manager
Emily
17,967
31.87774826860194
485,628
385,556
220,188
